version https://git-lfs.github.com/spec/v1
oid sha256:064e9b088752ff46de1839ef3adfe32c18c3a2f7b8b3bbd0428864b7abffb5ac
size 59158
